<?xml version="1.0"?>
<opencv_storage>
<camera_matrix type_id="opencv-matrix">
  <rows>3</rows>
  <cols>3</cols>
  <dt>d</dt>
  <data>
    1.3834767949752509e+03 0. 1.0091952987827898e+03 0.
    1.3841922996343901e+03 5.5678648110593599e+02 0. 0. 1.</data></camera_matrix>
<distortion_coefficients type_id="opencv-matrix">
  <rows>1</rows>
  <cols>5</cols>
  <dt>d</dt>
  <data>
    1.1036747043966662e-01 -2.3259542935555066e-01
    4.8193692513608657e-05 -2.8128368452123533e-04
    9.8265100436851702e-02</data></distortion_coefficients>
</opencv_storage>
